From ./TPVenus.dat with mu = 43.45 and log g = 2.94
    Z         T         EDD       DEN        P
  0.000e+00 7.353e+02 2.200e+03 9.072e+20 9.210e+01
  1.000e+00 7.277e+02 2.200e+03 8.605e+20 8.645e+01
  2.000e+00 7.202e+02 2.200e+03 8.155e+20 8.109e+01
  3.000e+00 7.124e+02 2.200e+03 7.728e+20 7.601e+01
  4.000e+00 7.046e+02 2.200e+03 7.319e+20 7.120e+01
  5.000e+00 6.968e+02 2.200e+03 6.928e+20 6.665e+01
  6.000e+00 6.888e+02 2.200e+03 6.556e+20 6.235e+01
  7.000e+00 6.811e+02 2.200e+03 6.198e+20 5.828e+01
  8.000e+00 6.736e+02 2.200e+03 5.854e+20 5.444e+01
  9.000e+00 6.658e+02 2.200e+03 5.527e+20 5.081e+01
  1.000e+01 6.582e+02 2.200e+03 5.215e+20 4.739e+01
  1.100e+01 6.506e+02 2.200e+03 4.916e+20 4.416e+01
  1.200e+01 6.432e+02 2.200e+03 4.630e+20 4.112e+01
  1.300e+01 6.355e+02 2.200e+03 4.361e+20 3.826e+01
  1.400e+01 6.281e+02 2.200e+03 4.102e+20 3.557e+01
  1.500e+01 6.208e+02 2.200e+03 3.855e+20 3.304e+01
  1.600e+01 6.133e+02 2.200e+03 3.621e+20 3.066e+01
  1.700e+01 6.052e+02 2.200e+03 3.402e+20 2.843e+01
  1.800e+01 5.971e+02 2.200e+03 3.194e+20 2.633e+01
  1.900e+01 5.893e+02 2.200e+03 2.994e+20 2.436e+01
  2.000e+01 5.807e+02 2.200e+03 2.809e+20 2.252e+01
  2.100e+01 5.724e+02 2.200e+03 2.631e+20 2.079e+01
  2.200e+01 5.643e+02 2.200e+03 2.461e+20 1.917e+01
  2.300e+01 5.560e+02 2.200e+03 2.301e+20 1.766e+01
  2.400e+01 5.475e+02 2.200e+03 2.150e+20 1.625e+01
  2.500e+01 5.392e+02 2.200e+03 2.006e+20 1.493e+01
  2.600e+01 5.307e+02 2.200e+03 1.870e+20 1.370e+01
  2.700e+01 5.223e+02 2.200e+03 1.742e+20 1.256e+01
  2.800e+01 5.138e+02 2.200e+03 1.620e+20 1.149e+01
  2.900e+01 5.056e+02 2.200e+03 1.504e+20 1.050e+01
  3.000e+01 4.969e+02 2.200e+03 1.397e+20 9.581e+00
  3.100e+01 4.883e+02 2.405e+03 1.295e+20 8.729e+00
  3.200e+01 4.799e+02 2.629e+03 1.198e+20 7.940e+00
  3.300e+01 4.717e+02 2.874e+03 1.107e+20 7.211e+00
  3.400e+01 4.634e+02 3.142e+03 1.022e+20 6.537e+00
  3.500e+01 4.550e+02 3.434e+03 9.417e+19 5.916e+00
  3.600e+01 4.468e+02 3.754e+03 8.665e+19 5.345e+00
  3.700e+01 4.386e+02 4.104e+03 7.960e+19 4.820e+00
  3.800e+01 4.308e+02 4.486e+03 7.293e+19 4.338e+00
  3.900e+01 4.233e+02 4.904e+03 6.668e+19 3.897e+00
  4.000e+01 4.155e+02 5.361e+03 6.092e+19 3.495e+00
  4.100e+01 4.081e+02 5.860e+03 5.550e+19 3.127e+00
  4.200e+01 4.016e+02 6.406e+03 5.037e+19 2.793e+00
  4.300e+01 3.950e+02 7.003e+03 4.568e+19 2.491e+00
  4.400e+01 3.883e+02 7.655e+03 4.134e+19 2.216e+00
  4.500e+01 3.818e+02 8.368e+03 3.735e+19 1.969e+00
  4.600e+01 3.761e+02 9.148e+03 3.361e+19 1.745e+00
  4.700e+01 3.702e+02 1.000e+04 3.021e+19 1.544e+00
  4.800e+01 3.646e+02 1.000e+04 2.710e+19 1.364e+00
  4.900e+01 3.575e+02 1.000e+04 2.435e+19 1.202e+00
  5.000e+01 3.497e+02 1.000e+04 2.189e+19 1.057e+00
  5.100e+01 3.411e+02 1.000e+04 1.966e+19 9.258e-01
  5.200e+01 3.325e+02 1.000e+04 1.762e+19 8.087e-01
  5.300e+01 3.219e+02 1.000e+04 1.583e+19 7.036e-01
  5.400e+01 3.123e+02 1.000e+04 1.414e+19 6.095e-01
  5.500e+01 3.014e+02 1.000e+04 1.263e+19 5.255e-01
  5.600e+01 2.902e+02 1.000e+04 1.124e+19 4.505e-01
  5.700e+01 2.783e+02 1.000e+04 9.986e+18 3.837e-01
  5.800e+01 2.674e+02 1.000e+04 8.800e+18 3.249e-01
  5.900e+01 2.587e+02 1.000e+04 7.652e+18 2.733e-01
  6.000e+01 2.533e+02 1.000e+04 6.545e+18 2.289e-01
  6.200e+01 2.462e+02 1.413e+04 4.681e+18 1.591e-01
  6.400e+01 2.407e+02 1.995e+04 3.298e+18 1.096e-01
  6.600e+01 2.358e+02 2.818e+04 2.300e+18 7.489e-02
  6.800e+01 2.319e+02 3.981e+04 1.587e+18 5.082e-02
  7.000e+01 2.282e+02 5.623e+04 1.088e+18 3.428e-02
  7.200e+01 2.246e+02 7.943e+04 7.411e+17 2.298e-02
  7.400e+01 2.210e+02 1.122e+05 5.018e+17 1.531e-02
  7.600e+01 2.162e+02 1.585e+05 3.390e+17 1.012e-02
  7.800e+01 2.104e+02 2.239e+05 2.281e+17 6.625e-03
  8.000e+01 2.025e+02 3.162e+05 1.530e+17 4.278e-03
  8.200e+01 1.955e+02 4.467e+05 1.007e+17 2.718e-03
  8.400e+01 1.886e+02 6.310e+05 6.525e+16 1.699e-03
  8.600e+01 1.818e+02 8.913e+05 4.159e+16 1.044e-03
  8.800e+01 1.766e+02 1.259e+06 2.591e+16 6.317e-04
  9.000e+01 1.723e+02 1.778e+06 1.586e+16 3.772e-04
  9.200e+01 1.704e+02 2.512e+06 9.492e+15 2.233e-04
  9.400e+01 1.695e+02 3.548e+06 5.628e+15 1.317e-04
  9.600e+01 1.700e+02 5.012e+06 3.310e+15 7.768e-05
  9.800e+01 1.709e+02 7.079e+06 1.947e+15 4.595e-05
  1.000e+02 1.722e+02 1.000e+07 1.148e+15 2.729e-05
  1.050e+02 1.750e+02 1.000e+07 3.129e+14 7.560e-06
  1.100e+02 1.780e+02 1.000e+07 8.667e+13 2.130e-06
  1.150e+02 1.820e+02 1.000e+07 2.467e+13 6.200e-07
